 ----------------   CP     1,     Type (3,-3)   ----------------
 Position (Bohr):   -7.94727929332408   -6.84383084111733    7.06867519844419
 Density of all electrons:  0.4221216659E+00
 Density of Alpha electrons:  0.2110608329E+00
 Density of Beta electrons:  0.2110608329E+00
 Spin density of electrons:  0.0000000000E+00
 Lagrangian kinetic energy G(r):  0.4555398332E-02
 G(r) in X,Y,Z:  0.1936509403E-02  0.1033298871E-02  0.1585590058E-02
 Hamiltonian kinetic energy K(r):  0.4661021549E+01
 Potential energy density V(r): -0.4665576947E+01
 Energy density E(r) or H(r): -0.4661021549E+01
 Laplacian of electron density: -0.1862586460E+02
 Electron localization function (ELF):  0.9999551934E+00
 Localized orbital locator (LOL):  0.9933650563E+00
 Local information entropy:  0.7232976912E-02
 Reduced density gradient (RDG):  0.1000000000E+03
 Reduced density gradient with promolecular approximation:  0.1000000000E+03
 Sign(lambda2)*rho: -0.4221216659E+00
 Sign(lambda2)*rho with promolecular approximation: -0.2940975728E+00
 Corr. hole for alpha, ref.:   0.00000   0.00000   0.00000 : -0.1228592181E-06
 Source function, ref.:   0.00000   0.00000   0.00000 :  0.1171915270E+00
 Wavefunction value for orbital         1 : -0.9719459508E-06
 Average local ionization energy (ALIE):  0.5035638939E+00
 Delta_g (under promolecular approximation):  0.1137028280E+00
 Delta_g (under Hirshfeld partition):  0.2092895599E+00
 User-defined real space function:  0.1000000000E+01
 ESP from nuclear charges:  0.6139085918E+02
 
 Note: Below information are for electron density
 
 Components of gradient in x/y/z are:
  0.5333190486E-15 -0.1774622116E-14  0.1080299045E-14
 Norm of gradient is:  0.2144937968E-14
 
 Components of Laplacian in x/y/z are:
 -0.6368719943E+01 -0.5887527753E+01 -0.6369616905E+01
 Total: -0.1862586460E+02
 
 Hessian matrix:
 -0.6368719943E+01  0.1431196259E+00 -0.4030299348E-01
  0.1431196259E+00 -0.5887527753E+01 -0.1534469656E+00
 -0.4030299348E-01 -0.1534469656E+00 -0.6369616905E+01
 Eigenvalues of Hessian: -0.6407597664E+01 -0.5803705871E+01 -0.6414561068E+01
 Eigenvectors(columns) of Hessian:
  0.9497722408E+00  0.2544820567E+00 -0.1821306495E+00
 -0.1874295631E+00  0.9286436321E+00  0.3201424111E+00
  0.2506049670E+00 -0.2699257071E+00  0.9296974041E+00
 Determinant of Hessian: -0.2385434922E+03
 Ellipticity of electron density:    0.001087
 eta index:   -1.105253
 
 ----------------   CP     2,     Type (3,-3)   ----------------
 Position (Bohr):    3.18288994776654   -7.89351536423329    0.43892864913648
 Density of all electrons:  0.4201232277E+03
 Density of Alpha electrons:  0.2100616139E+03
 Density of Beta electrons:  0.2100616139E+03
 Spin density of electrons:  0.0000000000E+00
 Lagrangian kinetic energy G(r):  0.1161286684E+03
 G(r) in X,Y,Z:  0.4035977828E+02  0.3697070493E+02  0.3879818516E+02
 Hamiltonian kinetic energy K(r):  0.8841056441E+06
 Potential energy density V(r): -0.8842217728E+06
 Energy density E(r) or H(r): -0.8841056441E+06
 Laplacian of electron density: -0.3535958062E+07
 Electron localization function (ELF):  0.9999970546E+00
 Localized orbital locator (LOL):  0.9982867069E+00
 Local information entropy: -0.5155281764E-01
 Reduced density gradient (RDG):  0.1000000000E+03
 Reduced density gradient with promolecular approximation:  0.1000000000E+03
 Sign(lambda2)*rho: -0.4201232277E+03
 Sign(lambda2)*rho with promolecular approximation: -0.4093139274E+03
 Corr. hole for alpha, ref.:   0.00000   0.00000   0.00000 : -0.2761157202E-03
 Source function, ref.:   0.00000   0.00000   0.00000 :  0.3301688790E+05
 Wavefunction value for orbital         1 : -0.1022571489E-05
 Average local ionization energy (ALIE):  0.2361201487E+02
 Delta_g (under promolecular approximation):  0.3740661621E-01
 Delta_g (under Hirshfeld partition):  0.6094567067E-01
 User-defined real space function:  0.1000000000E+01
 ESP from nuclear charges:  0.1283844659E+07
 
 Note: Below information are for electron density
 
 Components of gradient in x/y/z are:
 -0.4084088623E-10 -0.1062434585E-09 -0.1350797252E-10
 Norm of gradient is:  0.1146216200E-09
 
 Components of Laplacian in x/y/z are:
 -0.1178646067E+07 -0.1178659635E+07 -0.1178652360E+07
 Total: -0.3535958062E+07
 
 Hessian matrix:
 -0.1178646067E+07 -0.1422110403E+02  0.1044188069E+02
 -0.1422110403E+02 -0.1178659635E+07  0.1683473279E+02
  0.1044188069E+02  0.1683473279E+02 -0.1178652360E+07
 Eigenvalues of Hessian: -0.1178637087E+07 -0.1178681894E+07 -0.1178639081E+07
 Eigenvectors(columns) of Hessian:
  0.8260266518E+00  0.4415482788E+00  0.3503071338E+00
 -0.5610673500E+00  0.7033776837E+00  0.4364209697E+00
 -0.5369729235E-01 -0.5570412477E+00  0.8287470357E+00
 Determinant of Hessian: -0.1637410428E+19
 Ellipticity of electron density:    0.000036
 eta index:   -1.000038
 
 ----------------   CP     3,     Type (3,-3)   ----------------
 Position (Bohr):   -7.43343389845983   -4.97022336911453    6.52457600122152
 Density of all electrons:  0.1181708169E+03
 Density of Alpha electrons:  0.5908540847E+02
 Density of Beta electrons:  0.5908540847E+02
 Spin density of electrons:  0.0000000000E+00
 Lagrangian kinetic energy G(r):  0.5097326508E+01
 G(r) in X,Y,Z:  0.1456186446E+01  0.1832139350E+01  0.1809000712E+01
 Hamiltonian kinetic energy K(r):  0.1092342695E+06
 Potential energy density V(r): -0.1092393669E+06
 Energy density E(r) or H(r): -0.1092342695E+06
 Laplacian of electron density: -0.4369166889E+06
 Electron localization function (ELF):  0.9999996108E+00
 Localized orbital locator (LOL):  0.9993765247E+00
 Local information entropy:  0.3602240506E+00
 Reduced density gradient (RDG):  0.1000000000E+03
 Reduced density gradient with promolecular approximation:  0.1000000000E+03
 Sign(lambda2)*rho: -0.1181708169E+03
 Sign(lambda2)*rho with promolecular approximation: -0.1213967999E+03
 Corr. hole for alpha, ref.:   0.00000   0.00000   0.00000 : -0.2023089954E-05
 Source function, ref.:   0.00000   0.00000   0.00000 :  0.3141008098E+04
 Wavefunction value for orbital         1 :  0.5774667657E-04
 Average local ionization energy (ALIE):  0.9918686191E+01
 Delta_g (under promolecular approximation):  0.4167906336E-01
 Delta_g (under Hirshfeld partition):  0.5645797256E-01
 User-defined real space function:  0.1000000000E+01
 ESP from nuclear charges:  0.7289971772E+07
 
 Note: Below information are for electron density
 
 Components of gradient in x/y/z are:
  0.3100353307E-10 -0.1980682285E-10  0.5221886812E-10
 Norm of gradient is:  0.6387753503E-10
 
 Components of Laplacian in x/y/z are:
 -0.1456395360E+06 -0.1456385589E+06 -0.1456385940E+06
 Total: -0.4369166889E+06
 
 Hessian matrix:
 -0.1456395360E+06  0.1937312899E+00 -0.2812774567E+00
  0.1937312899E+00 -0.1456385589E+06  0.8423472261E-01
 -0.2812774567E+00  0.8423472261E-01 -0.1456385940E+06
 Eigenvalues of Hessian: -0.1456396536E+06 -0.1456385468E+06 -0.1456384885E+06
 Eigenvectors(columns) of Hessian:
  0.9455244926E+00  0.3178667468E+00 -0.7031475857E-01
 -0.1877952478E+00  0.7089834362E+00  0.6797613052E+00
  0.2659255138E+00 -0.6295261857E+00  0.7300550682E+00
 Determinant of Hessian: -0.3089101206E+16
 Ellipticity of electron density:    0.000008
 eta index:   -1.000008
 
 ----------------   CP     4,     Type (3,-3)   ----------------
 Position (Bohr):   -6.60347078294638   -6.00550700914389    2.71554724360279
 Density of all electrons:  0.4202126768E+00
 Density of Alpha electrons:  0.2101063384E+00
 Density of Beta electrons:  0.2101063384E+00
 Spin density of electrons:  0.0000000000E+00
 Lagrangian kinetic energy G(r):  0.4657418080E-02
 G(r) in X,Y,Z:  0.1993021845E-02  0.1240487978E-02  0.1423908257E-02
 Hamiltonian kinetic energy K(r):  0.4631524719E+01
 Potential energy density V(r): -0.4636182137E+01
 Energy density E(r) or H(r): -0.4631524719E+01
 Laplacian of electron density: -0.1850746920E+02
 Electron localization function (ELF):  0.9999524557E+00
 Localized orbital locator (LOL):  0.9931663919E+00
 Local information entropy:  0.7205028400E-02
 Reduced density gradient (RDG):  0.1000000000E+03
 Reduced density gradient with promolecular approximation:  0.1000000000E+03
 Sign(lambda2)*rho: -0.4202126768E+00
 Sign(lambda2)*rho with promolecular approximation: -0.2940362864E+00
 Corr. hole for alpha, ref.:   0.00000   0.00000   0.00000 : -0.9744136082E-06
 Source function, ref.:   0.00000   0.00000   0.00000 :  0.1578564815E+00
 Wavefunction value for orbital         1 :  0.4646331952E-04
 Average local ionization energy (ALIE):  0.5070697403E+00
 Delta_g (under promolecular approximation):  0.1134617771E+00
 Delta_g (under Hirshfeld partition):  0.2086335974E+00
 User-defined real space function:  0.1000000000E+01
 ESP from nuclear charges:  0.6866699434E+02
 
 Note: Below information are for electron density
 
 Components of gradient in x/y/z are:
 -0.4718447855E-15 -0.4041905699E-15 -0.5833007688E-15
 Norm of gradient is:  0.8522014464E-15
 
 Components of Laplacian in x/y/z are:
 -0.6368939858E+01 -0.6030031043E+01 -0.6108498301E+01
 Total: -0.1850746920E+02
 
 Hessian matrix:
 -0.6368939858E+01 -0.1590234008E-01 -0.1151090628E-01
 -0.1590234008E-01 -0.6030031043E+01  0.3030842669E+00
 -0.1151090628E-01  0.3030842669E+00 -0.6108498301E+01
 Eigenvalues of Hessian: -0.6368988462E+01 -0.5763021218E+01 -0.6375459522E+01
 Eigenvectors(columns) of Hessian:
  0.9534929817E+00 -0.3223816748E-01 -0.2996862267E+00
 -0.1748191305E+00  0.7507987477E+00 -0.6369768536E+00
  0.2455390102E+00  0.6597438450E+00  0.7102454882E+00
 Determinant of Hessian: -0.2340087913E+03
 Ellipticity of electron density:    0.001016
 eta index:   -1.106270
 
 ----------------   CP     5,     Type (3,-3)   ----------------
 Position (Bohr):   -8.10535269528952   -3.37520090061779   10.17742267593961
 Density of all electrons:  0.4225018776E+00
 Density of Alpha electrons:  0.2112509388E+00
 Density of Beta electrons:  0.2112509388E+00
 Spin density of electrons:  0.0000000000E+00
 Lagrangian kinetic energy G(r):  0.4531195024E-02
 G(r) in X,Y,Z:  0.1889391779E-02  0.1609882478E-02  0.1031920768E-02
 Hamiltonian kinetic energy K(r):  0.4665777594E+01
 Potential energy density V(r): -0.4670308790E+01
 Energy density E(r) or H(r): -0.4665777594E+01
 Laplacian of electron density: -0.1864498560E+02
 Electron localization function (ELF):  0.9999558000E+00
 Localized orbital locator (LOL):  0.9934099064E+00
 Local information entropy:  0.7238540813E-02
 Reduced density gradient (RDG):  0.1000000000E+03
 Reduced density gradient with promolecular approximation:  0.1000000000E+03
 Sign(lambda2)*rho: -0.4225018776E+00
 Sign(lambda2)*rho with promolecular approximation: -0.2940893745E+00
 Corr. hole for alpha, ref.:   0.00000   0.00000   0.00000 : -0.5663612945E-07
 Source function, ref.:   0.00000   0.00000   0.00000 :  0.1103851829E+00
 Wavefunction value for orbital         1 :  0.1518741679E-04
 Average local ionization energy (ALIE):  0.5034326447E+00
 Delta_g (under promolecular approximation):  0.1136427094E+00
 Delta_g (under Hirshfeld partition):  0.2094039401E+00
 User-defined real space function:  0.1000000000E+01
 ESP from nuclear charges:  0.5991276993E+02
 
 Note: Below information are for electron density
 
 Components of gradient in x/y/z are:
  0.4066842349E-15 -0.6813126452E-15 -0.7793245216E-15
 Norm of gradient is:  0.1112171613E-14
 
 Components of Laplacian in x/y/z are:
 -0.6363439664E+01 -0.6400529841E+01 -0.5881016093E+01
 Total: -0.1864498560E+02
 
 Hessian matrix:
 -0.6363439664E+01  0.3106889205E-01 -0.1650236690E+00
  0.3106889205E-01 -0.6400529841E+01 -0.1048495238E+00
 -0.1650236690E+00 -0.1048495238E+00 -0.5881016093E+01
 Eigenvalues of Hessian: -0.6414236259E+01 -0.6421020237E+01 -0.5809729102E+01
 Eigenvectors(columns) of Hessian:
  0.9479141206E+00  0.1312845353E+00 -0.2902123202E+00
 -0.1893555591E+00  0.9648950851E+00 -0.1819943597E+00
  0.2561313965E+00  0.2274683396E+00  0.9394971326E+00
 Determinant of Hessian: -0.2392791590E+03
 Ellipticity of electron density:    0.001058
 eta index:   -1.105219
 
 ----------------   CP     6,     Type (3,-3)   ----------------
 Position (Bohr):   -6.67160220103879   -4.49545185594363    4.05394845753852
 Density of all electrons:  0.1181883556E+03
 Density of Alpha electrons:  0.5909417781E+02
 Density of Beta electrons:  0.5909417781E+02
 Spin density of electrons:  0.0000000000E+00
 Lagrangian kinetic energy G(r):  0.5097752385E+01
 G(r) in X,Y,Z:  0.1464296560E+01  0.1807543535E+01  0.1825912290E+01
 Hamiltonian kinetic energy K(r):  0.1092591578E+06
 Potential energy density V(r): -0.1092642555E+06
 Energy density E(r) or H(r): -0.1092591578E+06
 Laplacian of electron density: -0.4370162401E+06
 Electron localization function (ELF):  0.9999996109E+00
 Localized orbital locator (LOL):  0.9993766267E+00
 Local information entropy:  0.3602336644E+00
 Reduced density gradient (RDG):  0.1000000000E+03
 Reduced density gradient with promolecular approximation:  0.1000000000E+03
 Sign(lambda2)*rho: -0.1181883556E+03
 Sign(lambda2)*rho with promolecular approximation: -0.1213962339E+03
 Corr. hole for alpha, ref.:   0.00000   0.00000   0.00000 : -0.9273726144E-05
 Source function, ref.:   0.00000   0.00000   0.00000 :  0.3860407206E+04
 Wavefunction value for orbital         1 : -0.5222169939E-04
 Average local ionization energy (ALIE):  0.9923402691E+01
 Delta_g (under promolecular approximation):  0.2995444901E-01
 Delta_g (under Hirshfeld partition):  0.5097264485E-01
 User-defined real space function:  0.1000000000E+01
 ESP from nuclear charges:  0.5144088101E+07
 
 Note: Below information are for electron density
 
 Components of gradient in x/y/z are:
  0.5157735350E-11  0.2095185136E-10  0.2708921976E-10
 Norm of gradient is:  0.3463247228E-10
 
 Components of Laplacian in x/y/z are:
 -0.1456726839E+06 -0.1456718232E+06 -0.1456717330E+06
 Total: -0.4370162401E+06
 
 Hessian matrix:
 -0.1456726839E+06  0.1918118791E+00 -0.2705893529E+00
  0.1918118791E+00 -0.1456718232E+06  0.9444989579E-01
 -0.2705893529E+00  0.9444989579E-01 -0.1456717330E+06
 Eigenvalues of Hessian: -0.1456728005E+06 -0.1456717914E+06 -0.1456716482E+06
 Eigenvectors(columns) of Hessian:
  0.9431404375E+00  0.2731570635E+00 -0.1893972909E+00
 -0.2100088112E+00  0.9313516342E+00  0.2974566065E+00
  0.2576478495E+00 -0.2407682541E+00  0.9357607779E+00
 Determinant of Hessian: -0.3091213237E+16
 Ellipticity of electron density:    0.000007
 eta index:   -1.000008
 
 ----------------   CP     7,     Type (3,-3)   ----------------
 Position (Bohr):   -7.51976804328192   -3.00744293939236    8.28199833713930
 Density of all electrons:  0.1181744220E+03
 Density of Alpha electrons:  0.5908721100E+02
 Density of Beta electrons:  0.5908721100E+02
 Spin density of electrons:  0.0000000000E+00
 Lagrangian kinetic energy G(r):  0.5088358421E+01
 G(r) in X,Y,Z:  0.1437446573E+01  0.1832937931E+01  0.1817973917E+01
 Hamiltonian kinetic energy K(r):  0.1092364330E+06
 Potential energy density V(r): -0.1092415214E+06
 Energy density E(r) or H(r): -0.1092364330E+06
 Laplacian of electron density: -0.4369253785E+06
 Electron localization function (ELF):  0.9999996122E+00
 Localized orbital locator (LOL):  0.9993776525E+00
 Local information entropy:  0.3602260273E+00
 Reduced density gradient (RDG):  0.1000000000E+03
 Reduced density gradient with promolecular approximation:  0.1000000000E+03
 Sign(lambda2)*rho: -0.1181744220E+03
 Sign(lambda2)*rho with promolecular approximation: -0.1213968787E+03
 Corr. hole for alpha, ref.:   0.00000   0.00000   0.00000 : -0.1224156057E-09
 Source function, ref.:   0.00000   0.00000   0.00000 :  0.3001569908E+04
 Wavefunction value for orbital         1 : -0.3620171048E-04
 Average local ionization energy (ALIE):  0.9918584308E+01
 Delta_g (under promolecular approximation):  0.3423736688E-01
 Delta_g (under Hirshfeld partition):  0.5649976358E-01
 User-defined real space function:  0.1000000000E+01
 ESP from nuclear charges:  0.8399392149E+07
 
 Note: Below information are for electron density
 
 Components of gradient in x/y/z are:
  0.1546499040E-11  0.5830252947E-11  0.1126384819E-09
 Norm of gradient is:  0.1127998719E-09
 
 Components of Laplacian in x/y/z are:
 -0.1456424980E+06 -0.1456413958E+06 -0.1456414848E+06
 Total: -0.4369253785E+06
 
 Hessian matrix:
 -0.1456424980E+06  0.2229711910E+00 -0.2986508419E+00
  0.2229711910E+00 -0.1456413958E+06  0.6354779708E-01
 -0.2986508419E+00  0.6354779708E-01 -0.1456414848E+06
 Eigenvalues of Hessian: -0.1456426232E+06 -0.1456413519E+06 -0.1456414034E+06
 Eigenvectors(columns) of Hessian:
  0.9478757546E+00  0.1656442046E+00 -0.2722013066E+00
 -0.1855911183E+00  0.9814016438E+00 -0.4905864263E-01
  0.2590125299E+00  0.9701964280E-01  0.9609889168E+00
 Determinant of Hessian: -0.3089285524E+16
 Ellipticity of electron density:    0.000008
 eta index:   -1.000009
 
 ----------------   CP     8,     Type (3,-3)   ----------------
 Position (Bohr):    7.57907057182181   -6.49420433306624    1.95249439021165
 Density of all electrons:  0.4201237058E+03
 Density of Alpha electrons:  0.2100618529E+03
 Density of Beta electrons:  0.2100618529E+03
 Spin density of electrons:  0.0000000000E+00
 Lagrangian kinetic energy G(r):  0.1161126346E+03
 G(r) in X,Y,Z:  0.4211881192E+02  0.4172002978E+02  0.3227379286E+02
 Hamiltonian kinetic energy K(r):  0.8841105986E+06
 Potential energy density V(r): -0.8842267112E+06
 Energy density E(r) or H(r): -0.8841105986E+06
 Laplacian of electron density: -0.3535977944E+07
 Electron localization function (ELF):  0.9999970554E+00
 Localized orbital locator (LOL):  0.9982869463E+00
 Local information entropy: -0.5155407157E-01
 Reduced density gradient (RDG):  0.1000000000E+03
 Reduced density gradient with promolecular approximation:  0.1000000000E+03
 Sign(lambda2)*rho: -0.4201237058E+03
 Sign(lambda2)*rho with promolecular approximation: -0.4093129190E+03
 Corr. hole for alpha, ref.:   0.00000   0.00000   0.00000 : -0.2888232270E-04
 Source function, ref.:   0.00000   0.00000   0.00000 :  0.2766801657E+05
 Wavefunction value for orbital         1 :  0.3236772421E-05
 Average local ionization energy (ALIE):  0.2362369832E+02
 Delta_g (under promolecular approximation):  0.3760632364E-01
 Delta_g (under Hirshfeld partition):  0.6126534169E-01
 User-defined real space function:  0.1000000000E+01
 ESP from nuclear charges:  0.1254092737E+07
 
 Note: Below information are for electron density
 
 Components of gradient in x/y/z are:
 -0.2734521498E-09  0.2034650226E-10  0.3322897513E-10
 Norm of gradient is:  0.2762140894E-09
 
 Components of Laplacian in x/y/z are:
 -0.1178645654E+07 -0.1178647245E+07 -0.1178685045E+07
 Total: -0.3535977944E+07
 
 Hessian matrix:
 -0.1178645654E+07  0.3644529998E+01 -0.7694308699E+01
  0.3644529998E+01 -0.1178647245E+07  0.1009749214E+02
 -0.7694308699E+01  0.1009749214E+02 -0.1178685045E+07
 Eigenvalues of Hessian: -0.1178642713E+07 -0.1178646053E+07 -0.1178689177E+07
 Eigenvectors(columns) of Hessian:
  0.7609879380E+00 -0.6207317220E+00  0.1886517626E+00
  0.6485591231E+00  0.7205287809E+00 -0.2453759153E+00
  0.1638358997E-01  0.3090799336E+00  0.9508949325E+00
 Determinant of Hessian: -0.1637438049E+19
 Ellipticity of electron density:    0.000037
 eta index:   -1.000039
 
 ----------------   CP     9,     Type (3,-3)   ----------------
 Position (Bohr):  -11.35932087052794   -6.48121219621228   -6.74270770176847
 Density of all electrons:  0.4224811143E+00
 Density of Alpha electrons:  0.2112405572E+00
 Density of Beta electrons:  0.2112405572E+00
 Spin density of electrons:  0.0000000000E+00
 Lagrangian kinetic energy G(r):  0.4506105487E-02
 G(r) in X,Y,Z:  0.1379087528E-02  0.1731284273E-02  0.1395733685E-02
 Hamiltonian kinetic energy K(r):  0.4665194023E+01
 Potential energy density V(r): -0.4669700129E+01
 Energy density E(r) or H(r): -0.4665194023E+01
 Laplacian of electron density: -0.1864275167E+02
 Electron localization function (ELF):  0.9999562799E+00
 Localized orbital locator (LOL):  0.9934456238E+00
 Local information entropy:  0.7238236991E-02
 Reduced density gradient (RDG):  0.1000000000E+03
 Reduced density gradient with promolecular approximation:  0.1000000000E+03
 Sign(lambda2)*rho: -0.4224811143E+00
 Sign(lambda2)*rho with promolecular approximation: -0.2940620725E+00
 Corr. hole for alpha, ref.:   0.00000   0.00000   0.00000 : -0.2832086687E-06
 Source function, ref.:   0.00000   0.00000   0.00000 :  0.1008246674E+00
 Wavefunction value for orbital         1 :  0.1496209252E-04
 Average local ionization energy (ALIE):  0.5040091284E+00
 Delta_g (under promolecular approximation):  0.1135186771E+00
 Delta_g (under Hirshfeld partition):  0.2093121052E+00
 User-defined real space function:  0.1000000000E+01
 ESP from nuclear charges:  0.5895583907E+02
 
 Note: Below information are for electron density
 
 Components of gradient in x/y/z are:
  0.4582488902E-14  0.8420998274E-15  0.2351417672E-14
 Norm of gradient is:  0.5218956000E-14
 
 Components of Laplacian in x/y/z are:
 -0.6197054013E+01 -0.6287630313E+01 -0.6158067344E+01
 Total: -0.1864275167E+02
 
 Hessian matrix:
 -0.6197054013E+01  0.1680692656E+00  0.2420173089E+00
  0.1680692656E+00 -0.6287630313E+01  0.1800707391E+00
  0.2420173089E+00  0.1800707391E+00 -0.6158067344E+01
 Eigenvalues of Hessian: -0.6420607356E+01 -0.6413935513E+01 -0.5808208802E+01
 Eigenvectors(columns) of Hessian:
  0.7800793842E+00 -0.1634679371E+00  0.6039489945E+00
 -0.1708895991E+00  0.8729012686E+00  0.4569902846E+00
 -0.6018911025E+00 -0.4596973013E+00  0.6529973138E+00
 Determinant of Hessian: -0.2391899465E+03
 Ellipticity of electron density:    0.001040
 eta index:   -1.105437
 
 ----------------   CP    10,     Type (3,-3)   ----------------
 Position (Bohr):    8.55246202196629   -7.42318538958286   -1.95242658166825
 Density of all electrons:  0.4201182823E+03
 Density of Alpha electrons:  0.2100591412E+03
 Density of Beta electrons:  0.2100591412E+03
 Spin density of electrons:  0.0000000000E+00
 Lagrangian kinetic energy G(r):  0.1161693492E+03
 G(r) in X,Y,Z:  0.3893807846E+02  0.3837156088E+02  0.3885970984E+02
 Hamiltonian kinetic energy K(r):  0.8840961557E+06
 Potential energy density V(r): -0.8842123251E+06
 Energy density E(r) or H(r): -0.8840961557E+06
 Laplacian of electron density: -0.3535919946E+07
 Electron localization function (ELF):  0.9999970524E+00
 Localized orbital locator (LOL):  0.9982860742E+00
 Local information entropy: -0.5153984742E-01
 Reduced density gradient (RDG):  0.1000000000E+03
 Reduced density gradient with promolecular approximation:  0.1000000000E+03
 Sign(lambda2)*rho: -0.4201182823E+03
 Sign(lambda2)*rho with promolecular approximation: -0.4093118317E+03
 Corr. hole for alpha, ref.:   0.00000   0.00000   0.00000 : -0.1342265784E-05
 Source function, ref.:   0.00000   0.00000   0.00000 :  0.2448535979E+05
 Wavefunction value for orbital         1 : -0.3873055163E-05
 Average local ionization energy (ALIE):  0.2362335897E+02
 Delta_g (under promolecular approximation):  0.3899173263E-01
 Delta_g (under Hirshfeld partition):  0.6341520883E-01
 User-defined real space function:  0.1000000000E+01
 ESP from nuclear charges:  0.1219470382E+07
 
 Note: Below information are for electron density
 
 Components of gradient in x/y/z are:
 -0.7970464289E-09  0.2378879316E-09  0.1304454322E-09
 Norm of gradient is:  0.8419558709E-09
 
 Components of Laplacian in x/y/z are:
 -0.1178639117E+07 -0.1178641380E+07 -0.1178639449E+07
 Total: -0.3535919946E+07
 
 Hessian matrix:
 -0.1178639117E+07  0.1574078977E+02  0.1388555731E+02
  0.1574078977E+02 -0.1178641380E+07 -0.1477056023E+02
  0.1388555731E+02 -0.1477056023E+02 -0.1178639449E+07
 Eigenvalues of Hessian: -0.1178624461E+07 -0.1178669641E+07 -0.1178625843E+07
 Eigenvectors(columns) of Hessian:
  0.7531472811E+00 -0.5665286334E+00  0.3343867229E+00
  0.6558388424E+00  0.6068754183E+00 -0.4489739854E+00
  0.5142553601E-01  0.5574473376E+00  0.8286180544E+00
 Determinant of Hessian: -0.1637357477E+19
 Ellipticity of electron density:    0.000037
 eta index:   -1.000038
 
 ----------------   CP    11,     Type (3,-3)   ----------------
 Position (Bohr):  -13.09946907597582   -4.73274696843766   -2.79465424676966
 Density of all electrons:  0.4219050425E+00
 Density of Alpha electrons:  0.2109525213E+00
 Density of Beta electrons:  0.2109525213E+00
 Spin density of electrons:  0.0000000000E+00
 Lagrangian kinetic energy G(r):  0.4549074070E-02
 G(r) in X,Y,Z:  0.9657165625E-03  0.1918740076E-02  0.1664617431E-02
 Hamiltonian kinetic energy K(r):  0.4656921032E+01
 Potential energy density V(r): -0.4661470106E+01
 Energy density E(r) or H(r): -0.4656921032E+01
 Laplacian of electron density: -0.1860948783E+02
 Electron localization function (ELF):  0.9999552409E+00
 Localized orbital locator (LOL):  0.9933685733E+00
 Local information entropy:  0.7229806530E-02
 Reduced density gradient (RDG):  0.1000000000E+03
 Reduced density gradient with promolecular approximation:  0.1000000000E+03
 Sign(lambda2)*rho: -0.4219050425E+00
 Sign(lambda2)*rho with promolecular approximation: -0.2940814414E+00
 Corr. hole for alpha, ref.:   0.00000   0.00000   0.00000 : -0.2148103337E-05
 Source function, ref.:   0.00000   0.00000   0.00000 :  0.1042457872E+00
 Wavefunction value for orbital         1 : -0.7270985342E-05
 Average local ionization energy (ALIE):  0.5026109045E+00
 Delta_g (under promolecular approximation):  0.1137384612E+00
 Delta_g (under Hirshfeld partition):  0.2093772716E+00
 User-defined real space function:  0.1000000000E+01
 ESP from nuclear charges:  0.6083834357E+02
 
 Note: Below information are for electron density
 
 Components of gradient in x/y/z are:
  0.2907288126E-14  0.1007657499E-14 -0.1339423364E-14
 Norm of gradient is:  0.3355853517E-14
 
 Components of Laplacian in x/y/z are:
 -0.5824902205E+01 -0.6400150659E+01 -0.6384434965E+01
 Total: -0.1860948783E+02
 
 Hessian matrix:
 -0.5824902205E+01  0.4636970908E-01 -0.1164471889E+00
  0.4636970908E-01 -0.6400150659E+01 -0.1225506799E-01
 -0.1164471889E+00 -0.1225506799E-01 -0.6384434965E+01
 Eigenvalues of Hessian: -0.5797830355E+01 -0.6402357073E+01 -0.6409300402E+01
 Eigenvectors(columns) of Hessian:
  0.9774596120E+00 -0.1623568266E+00  0.1349554288E+00
  0.7923147784E-01  0.8746028944E+00  0.4783222241E+00
 -0.1956912870E+00 -0.4568479375E+00  0.8677527771E+00
 Determinant of Hessian: -0.2379118220E+03
 Ellipticity of electron density:    0.001084
 eta index:   -1.105465
 
 ----------------   CP    12,     Type (3,-3)   ----------------
 Position (Bohr):    3.89586458297830   -6.78301126377676   -3.47433217613481
 Density of all electrons:  0.4201366752E+03
 Density of Alpha electrons:  0.2100683376E+03
 Density of Beta electrons:  0.2100683376E+03
 Spin density of electrons:  0.0000000000E+00
 Lagrangian kinetic energy G(r):  0.1160518462E+03
 G(r) in X,Y,Z:  0.4216863212E+02  0.4142008094E+02  0.3246313316E+02
 Hamiltonian kinetic energy K(r):  0.8841303101E+06
 Potential energy density V(r): -0.8842463619E+06
 Energy density E(r) or H(r): -0.8841303101E+06
 Laplacian of electron density: -0.3536057033E+07
 Electron localization function (ELF):  0.9999970588E+00
 Localized orbital locator (LOL):  0.9982879296E+00
 Local information entropy: -0.5158808708E-01
 Reduced density gradient (RDG):  0.1000000000E+03
 Reduced density gradient with promolecular approximation:  0.1000000000E+03
 Sign(lambda2)*rho: -0.4201366752E+03
 Sign(lambda2)*rho with promolecular approximation: -0.4093142194E+03
 Corr. hole for alpha, ref.:   0.00000   0.00000   0.00000 : -0.1894963347E-04
 Source function, ref.:   0.00000   0.00000   0.00000 :  0.3287622223E+05
 Wavefunction value for orbital         1 : -0.2605156943E-05
 Average local ionization energy (ALIE):  0.2361102009E+02
 Delta_g (under promolecular approximation):  0.3650476779E-01
 Delta_g (under Hirshfeld partition):  0.5946867762E-01
 User-defined real space function:  0.1000000000E+01
 ESP from nuclear charges:  0.1298076745E+07
 
 Note: Below information are for electron density
 
 Components of gradient in x/y/z are:
 -0.1558108642E-09 -0.7226519383E-10  0.1938076366E-09
 Norm of gradient is:  0.2589607763E-09
 
 Components of Laplacian in x/y/z are:
 -0.1178671734E+07 -0.1178674716E+07 -0.1178710583E+07
 Total: -0.3536057033E+07
 
 Hessian matrix:
 -0.1178671734E+07 -0.3126710050E+01 -0.6475079922E+01
 -0.3126710050E+01 -0.1178674716E+07 -0.1143265777E+02
 -0.6475079922E+01 -0.1143265777E+02 -0.1178710583E+07
 Eigenvalues of Hessian: -0.1178669736E+07 -0.1178672218E+07 -0.1178715079E+07
 Eigenvectors(columns) of Hessian:
  0.8037348331E+00  0.5726285116E+00  0.1615763159E+00
 -0.5937232504E+00  0.7541925592E+00  0.2805107585E+00
  0.3876880297E-01 -0.3213878831E+00  0.9461536918E+00
 Determinant of Hessian: -0.1637547925E+19
 Ellipticity of electron density:    0.000036
 eta index:   -1.000038
 
 ----------------   CP    13,     Type (3,-3)   ----------------
 Position (Bohr):    4.26763296049677   -6.09974311262290   -1.02425871743920
 Density of all electrons:  0.1179707439E+03
 Density of Alpha electrons:  0.5898537196E+02
 Density of Beta electrons:  0.5898537196E+02
 Spin density of electrons:  0.0000000000E+00
 Lagrangian kinetic energy G(r):  0.4716115065E+01
 G(r) in X,Y,Z:  0.1792872314E+01  0.1685909277E+01  0.1237333474E+01
 Hamiltonian kinetic energy K(r):  0.1090356241E+06
 Potential energy density V(r): -0.1090403402E+06
 Energy density E(r) or H(r): -0.1090356241E+06
 Laplacian of electron density: -0.4361236319E+06
 Electron localization function (ELF):  0.9999996649E+00
 Localized orbital locator (LOL):  0.9994214948E+00
 Local information entropy:  0.3601139202E+00
 Reduced density gradient (RDG):  0.1000000000E+03
 Reduced density gradient with promolecular approximation:  0.1000000000E+03
 Sign(lambda2)*rho: -0.1179707439E+03
 Sign(lambda2)*rho with promolecular approximation: -0.1213826231E+03
 Corr. hole for alpha, ref.:   0.00000   0.00000   0.00000 : -0.3030870443E-03
 Source function, ref.:   0.00000   0.00000   0.00000 :  0.4618447416E+04
 Wavefunction value for orbital         1 :  0.8220213806E-04
 Average local ionization energy (ALIE):  0.1009785314E+02
 Delta_g (under promolecular approximation):  0.3324096767E-01
 Delta_g (under Hirshfeld partition):  0.4611274472E-01
 User-defined real space function:  0.1000000000E+01
 ESP from nuclear charges:  0.6658394642E+06
 
 Note: Below information are for electron density
 
 Components of gradient in x/y/z are:
  0.1355379697E-10 -0.1306066366E-10  0.1202976607E-10
 Norm of gradient is:  0.2233834415E-10
 
 Components of Laplacian in x/y/z are:
 -0.1453736855E+06 -0.1453741262E+06 -0.1453758201E+06
 Total: -0.4361236319E+06
 
 Hessian matrix:
 -0.1453736855E+06 -0.9205069305E+00  0.1576213570E+00
 -0.9205069305E+00 -0.1453741262E+06  0.3114936557E+00
  0.1576213570E+00  0.3114936557E+00 -0.1453758201E+06
 Eigenvalues of Hessian: -0.1453729576E+06 -0.1453747439E+06 -0.1453759304E+06
 Eigenvectors(columns) of Hessian:
  0.7821055832E+00  0.5995317470E+00 -0.1699192191E+00
 -0.6226565888E+00  0.7410724201E+00 -0.2512179147E+00
 -0.2469066837E-01  0.3022802551E+00  0.9528992698E+00
 Determinant of Hessian: -0.3072310436E+16
 Ellipticity of electron density:    0.000008
 eta index:   -1.000020
 
 ----------------   CP    14,     Type (3,-3)   ----------------
 Position (Bohr):  -10.14058160096147   -5.55855424842494   -5.42559007685407
 Density of all electrons:  0.1181772573E+03
 Density of Alpha electrons:  0.5908862865E+02
 Density of Beta electrons:  0.5908862865E+02
 Spin density of electrons:  0.0000000000E+00
 Lagrangian kinetic energy G(r):  0.5082672561E+01
 G(r) in X,Y,Z:  0.1840866803E+01  0.1491086115E+01  0.1750719642E+01
 Hamiltonian kinetic energy K(r):  0.1092381065E+06
 Potential energy density V(r): -0.1092431892E+06
 Energy density E(r) or H(r): -0.1092381065E+06
 Laplacian of electron density: -0.4369320955E+06
 Electron localization function (ELF):  0.9999996131E+00
 Localized orbital locator (LOL):  0.9993783724E+00
 Local information entropy:  0.3602275816E+00
 Reduced density gradient (RDG):  0.1000000000E+03
 Reduced density gradient with promolecular approximation:  0.1000000000E+03
 Sign(lambda2)*rho: -0.1181772573E+03
 Sign(lambda2)*rho with promolecular approximation: -0.1213968894E+03
 Corr. hole for alpha, ref.:   0.00000   0.00000   0.00000 : -0.1086815148E-04
 Source function, ref.:   0.00000   0.00000   0.00000 :  0.2722007510E+04
 Wavefunction value for orbital         1 : -0.3965583680E-04
 Average local ionization energy (ALIE):  0.9920011787E+01
 Delta_g (under promolecular approximation):  0.4304955706E-01
 Delta_g (under Hirshfeld partition):  0.5283013255E-01
 User-defined real space function:  0.1000000000E+01
 ESP from nuclear charges:  0.8555530974E+07
 
 Note: Below information are for electron density
 
 Components of gradient in x/y/z are:
 -0.3177086372E-10 -0.5630715338E-10 -0.3461586573E-10
 Norm of gradient is:  0.7333581297E-10
 
 Components of Laplacian in x/y/z are:
 -0.1456436185E+06 -0.1456445975E+06 -0.1456438795E+06
 Total: -0.4369320955E+06
 
 Hessian matrix:
 -0.1456436185E+06  0.1809612634E+00 -0.1210240223E+00
  0.1809612634E+00 -0.1456445975E+06  0.5279892648E+00
 -0.1210240223E+00  0.5279892648E+00 -0.1456438795E+06
 Eigenvalues of Hessian: -0.1456435674E+06 -0.1456449132E+06 -0.1456436149E+06
 Eigenvectors(columns) of Hessian:
  0.8175812153E+00 -0.1650126597E+00  0.5516627398E+00
 -0.1423475288E+00  0.8704009356E+00  0.4713166582E+00
 -0.5579409802E+00 -0.4638674740E+00  0.6881343105E+00
 Determinant of Hessian: -0.3089428003E+16
 Ellipticity of electron density:    0.000009
 eta index:   -1.000009
 
 ----------------   CP    15,     Type (3,-3)   ----------------
 Position (Bohr):  -11.12765699827060   -4.57175078569703   -3.18965155605707
 Density of all electrons:  0.1181750089E+03
 Density of Alpha electrons:  0.5908750445E+02
 Density of Beta electrons:  0.5908750445E+02
 Spin density of electrons:  0.0000000000E+00
 Lagrangian kinetic energy G(r):  0.5100072944E+01
 G(r) in X,Y,Z:  0.1833407742E+01  0.1515882039E+01  0.1750783163E+01
 Hamiltonian kinetic energy K(r):  0.1092396680E+06
 Potential energy density V(r): -0.1092447681E+06
 Energy density E(r) or H(r): -0.1092396680E+06
 Laplacian of electron density: -0.4369382719E+06
 Electron localization function (ELF):  0.9999996104E+00
 Localized orbital locator (LOL):  0.9993762258E+00
 Local information entropy:  0.3602263490E+00
 Reduced density gradient (RDG):  0.1000000000E+03
 Reduced density gradient with promolecular approximation:  0.1000000000E+03
 Sign(lambda2)*rho: -0.1181750089E+03
 Sign(lambda2)*rho with promolecular approximation: -0.1213967675E+03
 Corr. hole for alpha, ref.:   0.00000   0.00000   0.00000 : -0.2247555867E-04
 Source function, ref.:   0.00000   0.00000   0.00000 :  0.2793734745E+04
 Wavefunction value for orbital         1 :  0.6443908725E-04
 Average local ionization energy (ALIE):  0.9917884724E+01
 Delta_g (under promolecular approximation):  0.3520114718E-01
 Delta_g (under Hirshfeld partition):  0.5706015727E-01
 User-defined real space function:  0.1000000000E+01
 ESP from nuclear charges:  0.7069918035E+07
 
 Note: Below information are for electron density
 
 Components of gradient in x/y/z are:
 -0.1789091097E-10  0.3443348384E-10 -0.5913908252E-11
 Norm of gradient is:  0.3925205492E-10
 
 Components of Laplacian in x/y/z are:
 -0.1456457642E+06 -0.1456465687E+06 -0.1456459389E+06
 Total: -0.4369382719E+06
 
 Hessian matrix:
 -0.1456457642E+06  0.1593340557E+00 -0.9542938368E-01
  0.1593340557E+00 -0.1456465687E+06  0.4660657680E+00
 -0.9542938368E-01  0.4660657680E+00 -0.1456459389E+06
 Eigenvalues of Hessian: -0.1456457345E+06 -0.1456468481E+06 -0.1456456893E+06
 Eigenvectors(columns) of Hessian:
  0.9630249558E+00 -0.1686844616E+00 -0.2100678150E+00
  0.2456845065E+00  0.8698258210E+00  0.4278342721E+00
  0.1105534158E+00 -0.4636254885E+00  0.8791071315E+00
 Determinant of Hessian: -0.3089559019E+16
 Ellipticity of electron density:    0.000008
 eta index:   -1.000008
 
 ----------------   CP    16,     Type (3,-3)   ----------------
 Position (Bohr):    7.13572523600732   -5.91009219988835   -0.49550747046632
 Density of all electrons:  0.1179856987E+03
 Density of Alpha electrons:  0.5899284937E+02
 Density of Beta electrons:  0.5899284937E+02
 Spin density of electrons:  0.0000000000E+00
 Lagrangian kinetic energy G(r):  0.4764841039E+01
 G(r) in X,Y,Z:  0.1793313303E+01  0.1719381884E+01  0.1252145852E+01
 Hamiltonian kinetic energy K(r):  0.1090495548E+06
 Potential energy density V(r): -0.1090543196E+06
 Energy density E(r) or H(r): -0.1090495548E+06
 Laplacian of electron density: -0.4361791598E+06
 Electron localization function (ELF):  0.9999996581E+00
 Localized orbital locator (LOL):  0.9994156447E+00
 Local information entropy:  0.3601221814E+00
 Reduced density gradient (RDG):  0.1000000000E+03
 Reduced density gradient with promolecular approximation:  0.1000000000E+03
 Sign(lambda2)*rho: -0.1179856987E+03
 Sign(lambda2)*rho with promolecular approximation: -0.1213824076E+03
 Corr. hole for alpha, ref.:   0.00000   0.00000   0.00000 : -0.1042681890E-03
 Source function, ref.:   0.00000   0.00000   0.00000 :  0.3740850824E+04
 Wavefunction value for orbital         1 : -0.3297363022E-05
 Average local ionization energy (ALIE):  0.1010348529E+02
 Delta_g (under promolecular approximation):  0.3487501386E-01
 Delta_g (under Hirshfeld partition):  0.4773400968E-01
 User-defined real space function:  0.1000000000E+01
 ESP from nuclear charges:  0.6778690172E+06
 
 Note: Below information are for electron density
 
 Components of gradient in x/y/z are:
  0.4362510353E-11 -0.5405209613E-10 -0.1602162847E-11
 Norm of gradient is:  0.5425152089E-10
 
 Components of Laplacian in x/y/z are:
 -0.1453922613E+06 -0.1453925524E+06 -0.1453943461E+06
 Total: -0.4361791598E+06
 
 Hessian matrix:
 -0.1453922613E+06  0.9682081057E+00  0.2921237283E+00
  0.9682081057E+00 -0.1453925524E+06 -0.1882171720E+00
  0.2921237283E+00 -0.1882171720E+00 -0.1453943461E+06
 Eigenvalues of Hessian: -0.1453914244E+06 -0.1453932821E+06 -0.1453944533E+06
 Eigenvectors(columns) of Hessian:
  0.7611949478E+00 -0.6108231626E+00 -0.2178928991E+00
  0.6476107946E+00  0.7337519044E+00  0.2054468339E+00
  0.3438764487E-01 -0.2974948855E+00  0.9541039162E+00
 Determinant of Hessian: -0.3073484098E+16
 Ellipticity of electron density:    0.000008
 eta index:   -1.000021
 
 ----------------   CP    17,     Type (3,-3)   ----------------
 Position (Bohr):   -6.80257531046497   -6.11684639941513   -7.64110183238740
 Density of all electrons:  0.4217095555E+00
 Density of Alpha electrons:  0.2108547778E+00
 Density of Beta electrons:  0.2108547778E+00
 Spin density of electrons:  0.0000000000E+00
 Lagrangian kinetic energy G(r):  0.4534230045E-02
 G(r) in X,Y,Z:  0.1511409325E-02  0.1821506411E-02  0.1201314309E-02
 Hamiltonian kinetic energy K(r):  0.4654366964E+01
 Potential energy density V(r): -0.4658901194E+01
 Energy density E(r) or H(r): -0.4654366964E+01
 Laplacian of electron density: -0.1859933094E+02
 Electron localization function (ELF):  0.9999554632E+00
 Localized orbital locator (LOL):  0.9933849953E+00
 Local information entropy:  0.7226945250E-02
 Reduced density gradient (RDG):  0.1000000000E+03
 Reduced density gradient with promolecular approximation:  0.1000000000E+03
 Sign(lambda2)*rho: -0.4217095555E+00
 Sign(lambda2)*rho with promolecular approximation: -0.2940599357E+00
 Corr. hole for alpha, ref.:   0.00000   0.00000   0.00000 : -0.3340831763E-06
 Source function, ref.:   0.00000   0.00000   0.00000 :  0.1241724196E+00
 Wavefunction value for orbital         1 : -0.7604837733E-05
 Average local ionization energy (ALIE):  0.5027215033E+00
