 ----------------   CP     1,     Type (3,-3)   ----------------
 Position (Bohr):  -12.49194868224676   -8.32044860570100   -1.43757682357911
 Density of all electrons:  0.4225291384E+00
 Density of Alpha electrons:  0.2112645692E+00
 Density of Beta electrons:  0.2112645692E+00
 Spin density of electrons:  0.0000000000E+00
 Lagrangian kinetic energy G(r):  0.4510535315E-02
 G(r) in X,Y,Z:  0.1308260323E-02  0.1528850805E-02  0.1673424187E-02
 Hamiltonian kinetic energy K(r):  0.4665973201E+01
 Potential energy density V(r): -0.4670483736E+01
 Energy density E(r) or H(r): -0.4665973201E+01
 Laplacian of electron density: -0.1864585066E+02
 Electron localization function (ELF):  0.9999562107E+00
 Localized orbital locator (LOL):  0.9934404572E+00
 Local information entropy:  0.7238939706E-02
 Reduced density gradient (RDG):  0.1000000000E+03
 Reduced density gradient with promolecular approximation:  0.1000000000E+03
 Sign(lambda2)*rho: -0.4225291384E+00
 Sign(lambda2)*rho with promolecular approximation: -0.2940714939E+00
 Corr. hole for alpha, ref.:   0.00000   0.00000   0.00000 : -0.1896984550E-07
 Source function, ref.:   0.00000   0.00000   0.00000 :  0.9840776587E-01
 Wavefunction value for orbital         1 :  0.1416743280E-04
 Average local ionization energy (ALIE):  0.5031803494E+00
 Delta_g (under promolecular approximation):  0.1136107412E+00
 Delta_g (under Hirshfeld partition):  0.2094409014E+00
 User-defined real space function:  0.1000000000E+01
 ESP from nuclear charges:  0.5880121443E+02
 
 Note: Below information are for electron density
 
 Components of gradient in x/y/z are:
  0.5375474371E-14 -0.5651078563E-14 -0.3408731630E-15
 Norm of gradient is:  0.7806830865E-14
 
 Components of Laplacian in x/y/z are:
 -0.6072723927E+01 -0.6175273974E+01 -0.6397852760E+01
 Total: -0.1864585066E+02
 
 Hessian matrix:
 -0.6072723927E+01  0.2879255726E+00  0.8939977416E-01
  0.2879255726E+00 -0.6175273974E+01  0.7111180835E-01
  0.8939977416E-01  0.7111180835E-01 -0.6397852760E+01
 Eigenvalues of Hessian: -0.5809382289E+01 -0.6414882919E+01 -0.6421585454E+01
 Eigenvectors(columns) of Hessian:
  0.7531349363E+00 -0.4904754072E+00 -0.4384308869E+00
  0.6296784120E+00  0.7304356726E+00  0.2645162106E+00
  0.1905068636E+00 -0.4752868640E+00  0.8589583993E+00
 Determinant of Hessian: -0.2393100607E+03
 Ellipticity of electron density:    0.001045
 eta index:   -1.105382
 
 ----------------   CP     2,     Type (3,-3)   ----------------
 Position (Bohr):  -10.97258277630541   -7.04948503960836   -1.05366030530706
 Density of all electrons:  0.1181774918E+03
 Density of Alpha electrons:  0.5908874589E+02
 Density of Beta electrons:  0.5908874589E+02
 Spin density of electrons:  0.0000000000E+00
 Lagrangian kinetic energy G(r):  0.5083780604E+01
 G(r) in X,Y,Z:  0.1737979835E+01  0.1601620709E+01  0.1744180061E+01
 Hamiltonian kinetic energy K(r):  0.1092389948E+06
 Potential energy density V(r): -0.1092440786E+06
 Energy density E(r) or H(r): -0.1092389948E+06
 Laplacian of electron density: -0.4369356442E+06
 Electron localization function (ELF):  0.9999996129E+00
 Localized orbital locator (LOL):  0.9993782390E+00
 Local information entropy:  0.3602277102E+00
 Reduced density gradient (RDG):  0.1000000000E+03
 Reduced density gradient with promolecular approximation:  0.1000000000E+03
 Sign(lambda2)*rho: -0.1181774918E+03
 Sign(lambda2)*rho with promolecular approximation: -0.1213968738E+03
 Corr. hole for alpha, ref.:   0.00000   0.00000   0.00000 : -0.5088076501E-05
 Source function, ref.:   0.00000   0.00000   0.00000 :  0.2657369280E+04
 Wavefunction value for orbital         1 : -0.3569525963E-04
 Average local ionization energy (ALIE):  0.9919064056E+01
 Delta_g (under promolecular approximation):  0.3643534547E-01
 Delta_g (under Hirshfeld partition):  0.5532680285E-01
 User-defined real space function:  0.1000000000E+01
 ESP from nuclear charges:  0.8444449033E+07
 
 Note: Below information are for electron density
 
 Components of gradient in x/y/z are:
  0.1077231498E-09 -0.5798050928E-10 -0.1273980921E-11
 Norm of gradient is:  0.1223423046E-09
 
 Components of Laplacian in x/y/z are:
 -0.1456451058E+06 -0.1456454770E+06 -0.1456450613E+06
 Total: -0.4369356442E+06
 
 Hessian matrix:
 -0.1456451058E+06  0.4541016266E+00 -0.3183936849E+00
  0.4541016266E+00 -0.1456454770E+06  0.4542355640E+00
 -0.3183936849E+00  0.4542355640E+00 -0.1456450613E+06
 Eigenvalues of Hessian: -0.1456448031E+06 -0.1456460831E+06 -0.1456447581E+06
 Eigenvectors(columns) of Hessian:
  0.7485330976E+00 -0.4933968113E+00 -0.4430099191E+00
  0.6343932821E+00  0.7272966123E+00  0.2618870010E+00
  0.1929854022E+00 -0.4770736047E+00  0.8574132086E+00
 Determinant of Hessian: -0.3089503279E+16
 Ellipticity of electron density:    0.000009
 eta index:   -1.000009
 
 ----------------   CP     3,     Type (3,-3)   ----------------
 Position (Bohr):  -12.50457366722887   -5.79414053123934    2.47176011763644
 Density of all electrons:  0.4221072595E+00
 Density of Alpha electrons:  0.2110536297E+00
 Density of Beta electrons:  0.2110536297E+00
 Spin density of electrons:  0.0000000000E+00
 Lagrangian kinetic energy G(r):  0.4554523182E-02
 G(r) in X,Y,Z:  0.1320572477E-02  0.1824223061E-02  0.1409727643E-02
 Hamiltonian kinetic energy K(r):  0.4660332204E+01
 Potential energy density V(r): -0.4664886727E+01
 Energy density E(r) or H(r): -0.4660332204E+01
 Laplacian of electron density: -0.1862311072E+02
 Electron localization function (ELF):  0.9999552055E+00
 Localized orbital locator (LOL):  0.9933659476E+00
 Local information entropy:  0.7232766076E-02
 Reduced density gradient (RDG):  0.1000000000E+03
 Reduced density gradient with promolecular approximation:  0.1000000000E+03
 Sign(lambda2)*rho: -0.4221072595E+00
 Sign(lambda2)*rho with promolecular approximation: -0.2941011563E+00
 Corr. hole for alpha, ref.:   0.00000   0.00000   0.00000 : -0.2177112550E-05
 Source function, ref.:   0.00000   0.00000   0.00000 :  0.1058432924E+00
 Wavefunction value for orbital         1 : -0.7260580405E-05
 Average local ionization energy (ALIE):  0.5023582695E+00
 Delta_g (under promolecular approximation):  0.1136193694E+00
 Delta_g (under Hirshfeld partition):  0.2092311255E+00
 User-defined real space function:  0.1000000000E+01
 ESP from nuclear charges:  0.6094510169E+02
 
 Note: Below information are for electron density
 
 Components of gradient in x/y/z are:
  0.1504438935E-14 -0.2296990723E-14  0.4536301890E-15
 Norm of gradient is:  0.2783034897E-14
 
 Components of Laplacian in x/y/z are:
 -0.6063512452E+01 -0.6405463337E+01 -0.6154134932E+01
 Total: -0.1862311072E+02
 
 Hessian matrix:
 -0.6063512452E+01  0.3686105234E-01 -0.2981710601E+00
  0.3686105234E-01 -0.6405463337E+01 -0.3626761133E-01
 -0.2981710601E+00 -0.3626761133E-01 -0.6154134932E+01
 Eigenvalues of Hessian: -0.5802812173E+01 -0.6406674485E+01 -0.6413624064E+01
 Eigenvectors(columns) of Hessian:
  0.7552838624E+00 -0.4904559210E+00  0.4347404706E+00
  0.8530320876E-01  0.7312446487E+00  0.6767603906E+00
 -0.6498227833E+00 -0.4740614446E+00  0.5941347465E+00
 Determinant of Hessian: -0.2384375617E+03
 Ellipticity of electron density:    0.001085
 eta index:   -1.105261
 
 ----------------   CP     4,     Type (3,-3)   ----------------
 Position (Bohr):   -8.96312324431360   -7.92942672545104   -4.45277679211154
 Density of all electrons:  0.4218395175E+00
 Density of Alpha electrons:  0.2109197588E+00
 Density of Beta electrons:  0.2109197588E+00
 Spin density of electrons:  0.0000000000E+00
 Lagrangian kinetic energy G(r):  0.4531289563E-02
 G(r) in X,Y,Z:  0.1697349192E-02  0.1623913566E-02  0.1210026806E-02
 Hamiltonian kinetic energy K(r):  0.4656530171E+01
 Potential energy density V(r): -0.4661061461E+01
 Energy density E(r) or H(r): -0.4656530171E+01
 Laplacian of electron density: -0.1860799553E+02
 Electron localization function (ELF):  0.9999555664E+00
 Localized orbital locator (LOL):  0.9933926285E+00
 Local information entropy:  0.7228847487E-02
 Reduced density gradient (RDG):  0.1000000000E+03
 Reduced density gradient with promolecular approximation:  0.1000000000E+03
 Sign(lambda2)*rho: -0.4218395175E+00
 Sign(lambda2)*rho with promolecular approximation: -0.2940723289E+00
 Corr. hole for alpha, ref.:   0.00000   0.00000   0.00000 : -0.1446114411E-06
 Source function, ref.:   0.00000   0.00000   0.00000 :  0.1159689797E+00
 Wavefunction value for orbital         1 : -0.1568277016E-05
 Average local ionization energy (ALIE):  0.5019554689E+00
 Delta_g (under promolecular approximation):  0.1136716417E+00
 Delta_g (under Hirshfeld partition):  0.2094274915E+00
 User-defined real space function:  0.1000000000E+01
 ESP from nuclear charges:  0.6142394822E+02
 
 Note: Below information are for electron density
 
 Components of gradient in x/y/z are:
 -0.5253393207E-14  0.2455934761E-14  0.2047190542E-14
 Norm of gradient is:  0.6149857303E-14
 
 Components of Laplacian in x/y/z are:
 -0.6407420113E+01 -0.6223416956E+01 -0.5977158458E+01
 Total: -0.1860799553E+02
 
 Hessian matrix:
 -0.6407420113E+01 -0.5148846895E-02 -0.2553675844E-02
 -0.5148846895E-02 -0.6223416956E+01  0.2774601009E+00
 -0.2553675844E-02  0.2774601009E+00 -0.5977158458E+01
 Eigenvalues of Hessian: -0.6409089603E+01 -0.6402212119E+01 -0.5796693806E+01
 Eigenvectors(columns) of Hessian:
  0.8735166333E+00 -0.4867268845E+00 -0.8101314625E-02
  0.4119035164E+00  0.7301590335E+00  0.5451635341E+00
 -0.2594305005E+00 -0.4795463749E+00  0.8382905760E+00
 Determinant of Hessian: -0.2378519756E+03
 Ellipticity of electron density:    0.001074
 eta index:   -1.105646
 
 ----------------   CP     5,     Type (3,-3)   ----------------
 Position (Bohr):  -10.98112800203324   -5.62161767720597    1.16039136022410
 Density of all electrons:  0.1181729855E+03
 Density of Alpha electrons:  0.5908649275E+02
 Density of Beta electrons:  0.5908649275E+02
 Spin density of electrons:  0.0000000000E+00
 Lagrangian kinetic energy G(r):  0.5100398993E+01
 G(r) in X,Y,Z:  0.1736460052E+01  0.1614995009E+01  0.1748943932E+01
 Hamiltonian kinetic energy K(r):  0.1092373174E+06
 Potential energy density V(r): -0.1092424178E+06
 Energy density E(r) or H(r): -0.1092373174E+06
 Laplacian of electron density: -0.4369288682E+06
 Electron localization function (ELF):  0.9999996103E+00
 Localized orbital locator (LOL):  0.9993761682E+00
 Local information entropy:  0.3602252397E+00
 Reduced density gradient (RDG):  0.1000000000E+03
 Reduced density gradient with promolecular approximation:  0.1000000000E+03
 Sign(lambda2)*rho: -0.1181729855E+03
 Sign(lambda2)*rho with promolecular approximation: -0.1213968122E+03
 Corr. hole for alpha, ref.:   0.00000   0.00000   0.00000 : -0.2228958059E-04
 Source function, ref.:   0.00000   0.00000   0.00000 :  0.2806068172E+04
 Wavefunction value for orbital         1 :  0.5587944378E-04
 Average local ionization energy (ALIE):  0.9917374336E+01
 Delta_g (under promolecular approximation):  0.3870520086E-01
 Delta_g (under Hirshfeld partition):  0.5353967517E-01
 User-defined real space function:  0.1000000000E+01
 ESP from nuclear charges:  0.7325873183E+07
 
 Note: Below information are for electron density
 
 Components of gradient in x/y/z are:
  0.8112729932E-10  0.5706896067E-10  0.1485345180E-10
 Norm of gradient is:  0.1002952142E-09
 
 Components of Laplacian in x/y/z are:
 -0.1456428764E+06 -0.1456431674E+06 -0.1456428244E+06
 Total: -0.4369288682E+06
 
 Hessian matrix:
 -0.1456428764E+06  0.3971678229E+00 -0.2526351001E+00
  0.3971678229E+00 -0.1456431674E+06  0.4037187475E+00
 -0.2526351001E+00  0.4037187475E+00 -0.1456428244E+06
 Eigenvalues of Hessian: -0.1456426093E+06 -0.1456437026E+06 -0.1456425562E+06
 Eigenvectors(columns) of Hessian:
  0.8600539996E+00 -0.4949665055E+00  0.1237549036E+00
  0.3316087213E+00  0.7266414617E+00  0.6016874954E+00
 -0.3877406011E+00 -0.4764455316E+00  0.7890861054E+00
 Determinant of Hessian: -0.3089359545E+16
 Ellipticity of electron density:    0.000008
 eta index:   -1.000008
 
 ----------------   CP     6,     Type (3,-3)   ----------------
 Position (Bohr):   -8.97952118764049   -6.82924678826450   -2.76231613456257
 Density of all electrons:  0.1181721903E+03
 Density of Alpha electrons:  0.5908609517E+02
 Density of Beta electrons:  0.5908609517E+02
 Spin density of electrons:  0.0000000000E+00
 Lagrangian kinetic energy G(r):  0.5101091640E+01
 G(r) in X,Y,Z:  0.1737951436E+01  0.1613708968E+01  0.1749431237E+01
 Hamiltonian kinetic energy K(r):  0.1092362570E+06
 Potential energy density V(r): -0.1092413581E+06
 Energy density E(r) or H(r): -0.1092362570E+06
 Laplacian of electron density: -0.4369246238E+06
 Electron localization function (ELF):  0.9999996102E+00
 Localized orbital locator (LOL):  0.9993760765E+00
 Local information entropy:  0.3602248037E+00
 Reduced density gradient (RDG):  0.1000000000E+03
 Reduced density gradient with promolecular approximation:  0.1000000000E+03
 Sign(lambda2)*rho: -0.1181721903E+03
 Sign(lambda2)*rho with promolecular approximation: -0.1213967401E+03
 Corr. hole for alpha, ref.:   0.00000   0.00000   0.00000 : -0.1452927044E-04
 Source function, ref.:   0.00000   0.00000   0.00000 :  0.2993569806E+04
 Wavefunction value for orbital         1 :  0.5651575714E-04
 Average local ionization energy (ALIE):  0.9917152050E+01
 Delta_g (under promolecular approximation):  0.3639750820E-01
 Delta_g (under Hirshfeld partition):  0.5527006165E-01
 User-defined real space function:  0.1000000000E+01
 ESP from nuclear charges:  0.6828036945E+07
 
 Note: Below information are for electron density
 
 Components of gradient in x/y/z are:
 -0.1224483570E-09 -0.3745406763E-10 -0.2028932578E-10
 Norm of gradient is:  0.1296459180E-09
 
 Components of Laplacian in x/y/z are:
 -0.1456414251E+06 -0.1456417743E+06 -0.1456414244E+06
 Total: -0.4369246238E+06
 
 Hessian matrix:
 -0.1456414251E+06  0.3956134947E+00 -0.2794817170E+00
  0.3956134947E+00 -0.1456417743E+06  0.3856669581E+00
 -0.2794817170E+00  0.3856669581E+00 -0.1456414244E+06
 Eigenvalues of Hessian: -0.1456411862E+06 -0.1456422928E+06 -0.1456411447E+06
 Eigenvectors(columns) of Hessian:
  0.4344513188E+00 -0.4872079081E+00 -0.7575490122E+00
  0.6797707670E+00  0.7291471443E+00 -0.7909580466E-01
  0.5909008004E+00 -0.4805963964E+00  0.6479686318E+00
 Determinant of Hessian: -0.3089269514E+16
 Ellipticity of electron density:    0.000008
 eta index:   -1.000008
 
 ----------------   CP     7,     Type (3,-3)   ----------------
 Position (Bohr):    3.94101289040512   -7.67271862236157   -1.77288144634288
 Density of all electrons:  0.4201229533E+03
 Density of Alpha electrons:  0.2100614767E+03
 Density of Beta electrons:  0.2100614767E+03
 Spin density of electrons:  0.0000000000E+00
 Lagrangian kinetic energy G(r):  0.1161377453E+03
 G(r) in X,Y,Z:  0.4134877969E+02  0.3401850413E+02  0.4077046150E+02
 Hamiltonian kinetic energy K(r):  0.8841061661E+06
 Potential energy density V(r): -0.8842223039E+06
 Energy density E(r) or H(r): -0.8841061661E+06
 Laplacian of electron density: -0.3535960114E+07
 Electron localization function (ELF):  0.9999970541E+00
 Localized orbital locator (LOL):  0.9982865714E+00
 Local information entropy: -0.5155209798E-01
 Reduced density gradient (RDG):  0.1000000000E+03
 Reduced density gradient with promolecular approximation:  0.1000000000E+03
 Sign(lambda2)*rho: -0.4201229533E+03
 Sign(lambda2)*rho with promolecular approximation: -0.4093139668E+03
 Corr. hole for alpha, ref.:   0.00000   0.00000   0.00000 : -0.2679613200E-03
 Source function, ref.:   0.00000   0.00000   0.00000 :  0.3195359650E+05
 Wavefunction value for orbital         1 : -0.6970250929E-06
 Average local ionization energy (ALIE):  0.2361144690E+02
 Delta_g (under promolecular approximation):  0.3739255997E-01
 Delta_g (under Hirshfeld partition):  0.6085665896E-01
 User-defined real space function:  0.1000000000E+01
 ESP from nuclear charges:  0.1285400630E+07
 
 Note: Below information are for electron density
 
 Components of gradient in x/y/z are:
 -0.2422850809E-09 -0.4299594014E-09 -0.3324163167E-10
 Norm of gradient is:  0.4946434609E-09
 
 Components of Laplacian in x/y/z are:
 -0.1178642808E+07 -0.1178672149E+07 -0.1178645157E+07
 Total: -0.3535960114E+07
 
 Hessian matrix:
 -0.1178642808E+07 -0.1298046612E+02  0.4640464192E+01
 -0.1298046612E+02 -0.1178672149E+07  0.1365092039E+02
  0.4640464192E+01  0.1365092039E+02 -0.1178645157E+07
 Eigenvalues of Hessian: -0.1178637772E+07 -0.1178682612E+07 -0.1178639730E+07
 Eigenvectors(columns) of Hessian:
  0.8769672548E+00  0.3269368958E+00  0.3521941230E+00
 -0.4222404852E+00  0.8741592749E+00  0.2399135985E+00
 -0.2294371520E+00 -0.3591069873E+00  0.9046550530E+00
 Determinant of Hessian: -0.1637413278E+19
 Ellipticity of electron density:    0.000036
 eta index:   -1.000038
 
 ----------------   CP     8,     Type (3,-3)   ----------------
 Position (Bohr):   -1.79496942355595   -3.33325601179707    9.17992542065498
 Density of all electrons:  0.4218422871E+00
 Density of Alpha electrons:  0.2109211435E+00
 Density of Beta electrons:  0.2109211435E+00
 Spin density of electrons:  0.0000000000E+00
 Lagrangian kinetic energy G(r):  0.4546598066E-02
 G(r) in X,Y,Z:  0.1697651780E-02  0.1462535985E-02  0.1386410301E-02
 Hamiltonian kinetic energy K(r):  0.4654141650E+01
 Potential energy density V(r): -0.4658688248E+01
 Energy density E(r) or H(r): -0.4654141650E+01
 Laplacian of electron density: -0.1859838021E+02
 Electron localization function (ELF):  0.9999552674E+00
 Localized orbital locator (LOL):  0.9933705262E+00
 Local information entropy:  0.7228888024E-02
 Reduced density gradient (RDG):  0.1000000000E+03
 Reduced density gradient with promolecular approximation:  0.1000000000E+03
 Sign(lambda2)*rho: -0.4218422871E+00
 Sign(lambda2)*rho with promolecular approximation: -0.2941004306E+00
 Corr. hole for alpha, ref.:   0.00000   0.00000   0.00000 : -0.1574860668E-07
 Source function, ref.:   0.00000   0.00000   0.00000 :  0.1490455454E+00
 Wavefunction value for orbital         1 : -0.4949523523E-05
 Average local ionization energy (ALIE):  0.5077910914E+00
 Delta_g (under promolecular approximation):  0.1137052872E+00
 Delta_g (under Hirshfeld partition):  0.2093609319E+00
 User-defined real space function:  0.1000000000E+01
 ESP from nuclear charges:  0.6586954694E+02
 
 Note: Below information are for electron density
 
 Components of gradient in x/y/z are:
  0.7244638917E-15 -0.8569533971E-15 -0.5258380537E-14
 Norm of gradient is:  0.5376781837E-14
 
 Components of Laplacian in x/y/z are:
 -0.6235056762E+01 -0.6166469128E+01 -0.6196854317E+01
 Total: -0.1859838021E+02
 
 Hessian matrix:
 -0.6235056762E+01 -0.1952845930E+00  0.1852571387E+00
 -0.1952845930E+00 -0.6166469128E+01 -0.2228804450E+00
  0.1852571387E+00 -0.2228804450E+00 -0.6196854317E+01
 Eigenvalues of Hessian: -0.6398824532E+01 -0.5793994435E+01 -0.6405561239E+01
 Eigenvectors(columns) of Hessian:
  0.8210596450E+00 -0.5209351800E+00 -0.2334257862E+00
  0.5525465718E+00  0.6225648555E+00  0.5541708100E+00
 -0.1433643798E+00 -0.5839859065E+00  0.7990038271E+00
 Determinant of Hessian: -0.2374846055E+03
 Ellipticity of electron density:    0.001053
 eta index:   -1.105552
 
 ----------------   CP     9,     Type (3,-3)   ----------------
 Position (Bohr):   -2.02209609193013   -4.11762052358323    4.61727017752996
 Density of all electrons:  0.4189837789E+00
 Density of Alpha electrons:  0.2094918895E+00
 Density of Beta electrons:  0.2094918895E+00
 Spin density of electrons:  0.0000000000E+00
 Lagrangian kinetic energy G(r):  0.4671808863E-02
 G(r) in X,Y,Z:  0.1708611745E-02  0.1377629548E-02  0.1585567570E-02
 Hamiltonian kinetic energy K(r):  0.4615958142E+01
 Potential energy density V(r): -0.4620629951E+01
 Energy density E(r) or H(r): -0.4615958142E+01
 Laplacian of electron density: -0.1844514533E+02
 Electron localization function (ELF):  0.9999516928E+00
 Localized orbital locator (LOL):  0.9931121120E+00
 Local information entropy:  0.7187025285E-02
 Reduced density gradient (RDG):  0.1000000000E+03
 Reduced density gradient with promolecular approximation:  0.1000000000E+03
 Sign(lambda2)*rho: -0.4189837789E+00
 Sign(lambda2)*rho with promolecular approximation: -0.2939594091E+00
 Corr. hole for alpha, ref.:   0.00000   0.00000   0.00000 : -0.1026313283E-04
 Source function, ref.:   0.00000   0.00000   0.00000 :  0.2255171661E+00
 Wavefunction value for orbital         1 :  0.4185327725E-04
 Average local ionization energy (ALIE):  0.5097030113E+00
 Delta_g (under promolecular approximation):  0.1133281989E+00
 Delta_g (under Hirshfeld partition):  0.2079684393E+00
 User-defined real space function:  0.1000000000E+01
 ESP from nuclear charges:  0.7306843074E+02
 
 Note: Below information are for electron density
 
 Components of gradient in x/y/z are:
 -0.7294512216E-15 -0.1209969624E-14 -0.2359223927E-14
 Norm of gradient is:  0.2749920565E-14
 
 Components of Laplacian in x/y/z are:
 -0.6211358314E+01 -0.5973333277E+01 -0.6260453741E+01
 Total: -0.1844514533E+02
 
 Hessian matrix:
 -0.6211358314E+01 -0.2269990178E+00 -0.1151183769E+00
 -0.2269990178E+00 -0.5973333277E+01  0.1886240007E+00
 -0.1151183769E+00  0.1886240007E+00 -0.6260453741E+01
 Eigenvalues of Hessian: -0.6348542210E+01 -0.5741877455E+01 -0.6354725667E+01
 Eigenvectors(columns) of Hessian:
  0.8208235281E+00 -0.4765901830E+00  0.3148182543E+00
  0.5579775739E+00  0.7868839404E+00 -0.2635805215E+00
 -0.1221055395E+00  0.3920146194E+00  0.9118194862E+00
 Determinant of Hessian: -0.2316459639E+03
 Ellipticity of electron density:    0.000974
 eta index:   -1.106733
 
 ----------------   CP    10,     Type (3,-3)   ----------------
 Position (Bohr):   -9.00826533533602   -3.95820937072266    1.66702069840826
 Density of all electrons:  0.1181960015E+03
 Density of Alpha electrons:  0.5909800073E+02
 Density of Beta electrons:  0.5909800073E+02
 Spin density of electrons:  0.0000000000E+00
 Lagrangian kinetic energy G(r):  0.5092494115E+01
 G(r) in X,Y,Z:  0.1718006716E+01  0.1618565921E+01  0.1755921478E+01
 Hamiltonian kinetic energy K(r):  0.1092661874E+06
 Potential energy density V(r): -0.1092712799E+06
 Energy density E(r) or H(r): -0.1092661874E+06
 Laplacian of electron density: -0.4370443796E+06
 Electron localization function (ELF):  0.9999996118E+00
 Localized orbital locator (LOL):  0.9993773364E+00
 Local information entropy:  0.3602378534E+00
 Reduced density gradient (RDG):  0.1000000000E+03
 Reduced density gradient with promolecular approximation:  0.1000000000E+03
 Sign(lambda2)*rho: -0.1181960015E+03
 Sign(lambda2)*rho with promolecular approximation: -0.1213962396E+03
 Corr. hole for alpha, ref.:   0.00000   0.00000   0.00000 : -0.5596759409E-04
 Source function, ref.:   0.00000   0.00000   0.00000 :  0.3484948942E+04
 Wavefunction value for orbital         1 : -0.4854943905E-04
 Average local ionization energy (ALIE):  0.9921895409E+01
 Delta_g (under promolecular approximation):  0.3855217117E-01
 Delta_g (under Hirshfeld partition):  0.5534081493E-01
 User-defined real space function:  0.1000000000E+01
 ESP from nuclear charges:  0.4977171960E+07
 
 Note: Below information are for electron density
 
 Components of gradient in x/y/z are:
 -0.6026333252E-10  0.5988737284E-11  0.1241602654E-10
 Norm of gradient is:  0.6181983448E-10
 
 Components of Laplacian in x/y/z are:
 -0.1456814057E+06 -0.1456816680E+06 -0.1456813059E+06
 Total: -0.4370443796E+06
 
 Hessian matrix:
 -0.1456814057E+06  0.4666644339E+00 -0.2195917222E+00
  0.4666644339E+00 -0.1456816680E+06  0.4459699399E+00
 -0.2195917222E+00  0.4459699399E+00 -0.1456813059E+06
 Eigenvalues of Hessian: -0.1456809704E+06 -0.1456822704E+06 -0.1456811387E+06
 Eigenvectors(columns) of Hessian:
  0.4007912016E+00 -0.5096698845E+00 -0.7613166368E+00
  0.6685697036E+00  0.7308616411E+00 -0.1373164703E+00
  0.6264031961E+00 -0.4539580051E+00  0.6336727590E+00
 Determinant of Hessian: -0.3091810405E+16
 Ellipticity of electron density:    0.000008
 eta index:   -1.000009
 
 ----------------   CP    11,     Type (3,-3)   ----------------
 Position (Bohr):   -6.99085531585474   -5.18587853937515   -2.25432741430995
 Density of all electrons:  0.1182008392E+03
 Density of Alpha electrons:  0.5910041960E+02
 Density of Beta electrons:  0.5910041960E+02
 Spin density of electrons:  0.0000000000E+00
 Lagrangian kinetic energy G(r):  0.5086012176E+01
 G(r) in X,Y,Z:  0.1764501966E+01  0.1595679313E+01  0.1725830897E+01
 Hamiltonian kinetic energy K(r):  0.1092719634E+06
 Potential energy density V(r): -0.1092770494E+06
 Energy density E(r) or H(r): -0.1092719634E+06
 Laplacian of electron density: -0.4370675097E+06
 Electron localization function (ELF):  0.9999996128E+00
 Localized orbital locator (LOL):  0.9993781709E+00
 Local information entropy:  0.3602405033E+00
 Reduced density gradient (RDG):  0.1000000000E+03
 Reduced density gradient with promolecular approximation:  0.1000000000E+03
 Sign(lambda2)*rho: -0.1182008392E+03
 Sign(lambda2)*rho with promolecular approximation: -0.1213962994E+03
 Corr. hole for alpha, ref.:   0.00000   0.00000   0.00000 : -0.1954447444E-03
 Source function, ref.:   0.00000   0.00000   0.00000 :  0.3868171022E+04
 Wavefunction value for orbital         1 : -0.4351622193E-04
 Average local ionization energy (ALIE):  0.9922499820E+01
 Delta_g (under promolecular approximation):  0.4010011104E-01
 Delta_g (under Hirshfeld partition):  0.5276703854E-01
 User-defined real space function:  0.1000000000E+01
 ESP from nuclear charges:  0.5354333450E+07
 
 Note: Below information are for electron density
 
 Components of gradient in x/y/z are:
 -0.5556875099E-10 -0.5483860588E-10 -0.2355948769E-10
 Norm of gradient is:  0.8154880895E-10
 
 Components of Laplacian in x/y/z are:
 -0.1456889671E+06 -0.1456894413E+06 -0.1456891012E+06
 Total: -0.4370675097E+06
 
 Hessian matrix:
 -0.1456889671E+06  0.4387174300E+00 -0.2659579751E+00
  0.4387174300E+00 -0.1456894413E+06  0.3914412848E+00
 -0.2659579751E+00  0.3914412848E+00 -0.1456891012E+06
 Eigenvalues of Hessian: -0.1456887011E+06 -0.1456899623E+06 -0.1456888463E+06
 Eigenvectors(columns) of Hessian:
  0.8836605830E+00 -0.4580924695E+00 -0.9641194604E-01
  0.4415982788E+00  0.7473635188E+00  0.4964259571E+00
 -0.1553542214E+00 -0.4812474002E+00  0.8627085288E+00
 Determinant of Hessian: -0.3092301323E+16
 Ellipticity of electron density:    0.000008
 eta index:   -1.000009
 
 ----------------   CP    12,     Type (3,-3)   ----------------
 Position (Bohr):    8.26152724258665   -6.27820150713173   -0.11497130327862
 Density of all electrons:  0.4201226075E+03
 Density of Alpha electrons:  0.2100613038E+03
 Density of Beta electrons:  0.2100613038E+03
 Spin density of electrons:  0.0000000000E+00
 Lagrangian kinetic energy G(r):  0.1161170124E+03
 G(r) in X,Y,Z:  0.4159039708E+02  0.3981454184E+02  0.3471207350E+02
 Hamiltonian kinetic energy K(r):  0.8841068134E+06
 Potential energy density V(r): -0.8842229304E+06
 Energy density E(r) or H(r): -0.8841068134E+06
 Laplacian of electron density: -0.3535962785E+07
 Electron localization function (ELF):  0.9999970551E+00
 Localized orbital locator (LOL):  0.9982868744E+00
 Local information entropy: -0.5155119102E-01
 Reduced density gradient (RDG):  0.1000000000E+03
 Reduced density gradient with promolecular approximation:  0.1000000000E+03
 Sign(lambda2)*rho: -0.4201226075E+03
 Sign(lambda2)*rho with promolecular approximation: -0.4093130600E+03
 Corr. hole for alpha, ref.:   0.00000   0.00000   0.00000 : -0.3903315181E-04
 Source function, ref.:   0.00000   0.00000   0.00000 :  0.2711605695E+05
 Wavefunction value for orbital         1 :  0.3503073400E-05
 Average local ionization energy (ALIE):  0.2362412306E+02
 Delta_g (under promolecular approximation):  0.3750649885E-01
 Delta_g (under Hirshfeld partition):  0.6111829265E-01
 User-defined real space function:  0.1000000000E+01
 ESP from nuclear charges:  0.1258442978E+07
 
 Note: Below information are for electron density
 
 Components of gradient in x/y/z are:
  0.2385225351E-10 -0.2286015821E-09  0.4316547120E-12
 Norm of gradient is:  0.2298429892E-09
 
 Components of Laplacian in x/y/z are:
 -0.1178642716E+07 -0.1178649808E+07 -0.1178670262E+07
 Total: -0.3535962785E+07
 
 Hessian matrix:
 -0.1178642716E+07  0.7509412185E+01 -0.9428183505E+01
  0.7509412185E+01 -0.1178649808E+07  0.1787953166E+02
 -0.9428183505E+01  0.1787953166E+02 -0.1178670262E+07
 Eigenvalues of Hessian: -0.1178637657E+07 -0.1178641053E+07 -0.1178684076E+07
 Eigenvectors(columns) of Hessian:
  0.6966566428E+00 -0.6615959553E+00  0.2774172201E+00
  0.6945986754E+00  0.5253112903E+00 -0.4915086249E+00
  0.1794497204E+00  0.5351063822E+00  0.8255052741E+00
 Determinant of Hessian: -0.1637416990E+19
 Ellipticity of electron density:    0.000037
 eta index:   -1.000039
 
 ----------------   CP    13,     Type (3,-3)   ----------------
 Position (Bohr):   -9.02257329055692   -2.85705288713351    3.35645372339586
 Density of all electrons:  0.4202997148E+00
 Density of Alpha electrons:  0.2101498574E+00
 Density of Beta electrons:  0.2101498574E+00
 Spin density of electrons:  0.0000000000E+00
 Lagrangian kinetic energy G(r):  0.4687362521E-02
 G(r) in X,Y,Z:  0.1720034644E-02  0.1704159060E-02  0.1263168816E-02
 Hamiltonian kinetic energy K(r):  0.4630200803E+01
 Potential energy density V(r): -0.4634888166E+01
 Energy density E(r) or H(r): -0.4630200803E+01
 Laplacian of electron density: -0.1850205376E+02
 Electron localization function (ELF):  0.9999518770E+00
 Localized orbital locator (LOL):  0.9931251152E+00
 Local information entropy:  0.7206303150E-02
 Reduced density gradient (RDG):  0.1000000000E+03
 Reduced density gradient with promolecular approximation:  0.1000000000E+03
 Sign(lambda2)*rho: -0.4202997148E+00
 Sign(lambda2)*rho with promolecular approximation: -0.2940888033E+00
 Corr. hole for alpha, ref.:   0.00000   0.00000   0.00000 : -0.3174273386E-05
 Source function, ref.:   0.00000   0.00000   0.00000 :  0.1466235211E+00
 Wavefunction value for orbital         1 :  0.4568413992E-04
 Average local ionization energy (ALIE):  0.5048987249E+00
 Delta_g (under promolecular approximation):  0.1137995220E+00
 Delta_g (under Hirshfeld partition):  0.2097990483E+00
 User-defined real space function:  0.1000000000E+01
 ESP from nuclear charges:  0.6921892708E+02
 
 Note: Below information are for electron density
 
 Components of gradient in x/y/z are:
  0.1303319432E-14  0.7474489777E-15 -0.5144539308E-15
 Norm of gradient is:  0.1588075679E-14
 
 Components of Laplacian in x/y/z are:
 -0.6373976338E+01 -0.6188517251E+01 -0.5939560175E+01
 Total: -0.1850205376E+02
 
 Hessian matrix:
 -0.6373976338E+01 -0.5344519457E-02 -0.3281534714E-02
 -0.5344519457E-02 -0.6188517251E+01  0.2803663955E+00
 -0.3281534714E-02  0.2803663955E+00 -0.5939560175E+01
 Eigenvalues of Hessian: -0.6375552132E+01 -0.6369272538E+01 -0.5757229094E+01
 Eigenvectors(columns) of Hessian:
  0.8702195134E+00 -0.4925785745E+00 -0.9184035136E-02
  0.4173351847E+00  0.7271269174E+00  0.5450851215E+00
 -0.2618192930E+00 -0.4781765302E+00  0.8383304025E+00
 Determinant of Hessian: -0.2337874237E+03
 Ellipticity of electron density:    0.000986
 eta index:   -1.107399
 
 ----------------   CP    14,     Type (3,-3)   ----------------
 Position (Bohr):    6.27501186459416   -3.31090686199574    8.26012606984482
 Density of all electrons:  0.4216388555E+00
 Density of Alpha electrons:  0.2108194278E+00
 Density of Beta electrons:  0.2108194278E+00
 Spin density of electrons:  0.0000000000E+00
 Lagrangian kinetic energy G(r):  0.4558487045E-02
 G(r) in X,Y,Z:  0.1756700276E-02  0.1283287278E-02  0.1518499491E-02
 Hamiltonian kinetic energy K(r):  0.4653124875E+01
 Potential energy density V(r): -0.4657683362E+01
 Energy density E(r) or H(r): -0.4653124875E+01
 Laplacian of electron density: -0.1859426555E+02
 Electron localization function (ELF):  0.9999549613E+00
 Localized orbital locator (LOL):  0.9933479958E+00
 Local information entropy:  0.7225910380E-02
 Reduced density gradient (RDG):  0.1000000000E+03
 Reduced density gradient with promolecular approximation:  0.1000000000E+03
 Sign(lambda2)*rho: -0.4216388555E+00
 Sign(lambda2)*rho with promolecular approximation: -0.2940553757E+00
 Corr. hole for alpha, ref.:   0.00000   0.00000   0.00000 : -0.1449155922E-05
 Source function, ref.:   0.00000   0.00000   0.00000 :  0.1358896006E+00
 Wavefunction value for orbital         1 : -0.5901647233E-05
 Average local ionization energy (ALIE):  0.5074103023E+00
 Delta_g (under promolecular approximation):  0.1136736344E+00
 Delta_g (under Hirshfeld partition):  0.2090744990E+00
 User-defined real space function:  0.1000000000E+01
 ESP from nuclear charges:  0.6457940294E+02
 
 Note: Below information are for electron density
 
 Components of gradient in x/y/z are:
  0.2671040472E-14  0.1808449224E-15 -0.5459174779E-14
 Norm of gradient is:  0.6080275599E-14
 
 Components of Laplacian in x/y/z are:
 -0.6275497389E+01 -0.6006493973E+01 -0.6312274191E+01
 Total: -0.1859426555E+02
 
 Hessian matrix:
 -0.6275497389E+01 -0.2182562269E+00  0.1073855580E+00
 -0.2182562269E+00 -0.6006493973E+01 -0.1900004997E+00
  0.1073855580E+00 -0.1900004997E+00 -0.6312274191E+01
 Eigenvalues of Hessian: -0.6397207942E+01 -0.5792913516E+01 -0.6404144095E+01
 Eigenvectors(columns) of Hessian:
  0.8339969733E+00 -0.4500873668E+00 -0.3191714442E+00
  0.5337986904E+00  0.8045741415E+00  0.2602295313E+00
  0.1396710662E+00 -0.3874039404E+00  0.9112684458E+00
 Determinant of Hessian: -0.2373277969E+03
 Ellipticity of electron density:    0.001084
 eta index:   -1.105513
 
 ----------------   CP    15,     Type (3,-3)   ----------------
 Position (Bohr):   -5.44506005779798   -5.03559632366659   -3.54575611326589
 Density of all electrons:  0.4194483217E+00
 Density of Alpha electrons:  0.2097241608E+00
 Density of Beta electrons:  0.2097241608E+00
 Spin density of electrons:  0.0000000000E+00
 Lagrangian kinetic energy G(r):  0.4614531030E-02
 G(r) in X,Y,Z:  0.1338776118E-02  0.1830689976E-02  0.1445064935E-02
 Hamiltonian kinetic energy K(r):  0.4623073445E+01
 Potential energy density V(r): -0.4627687976E+01
 Energy density E(r) or H(r): -0.4623073445E+01
 Laplacian of electron density: -0.1847383566E+02
 Electron localization function (ELF):  0.9999530413E+00
 Localized orbital locator (LOL):  0.9932084544E+00
 Local information entropy:  0.7193831804E-02
 Reduced density gradient (RDG):  0.1000000000E+03
 Reduced density gradient with promolecular approximation:  0.1000000000E+03
 Sign(lambda2)*rho: -0.4194483217E+00
 Sign(lambda2)*rho with promolecular approximation: -0.2939255806E+00
 Corr. hole for alpha, ref.:   0.00000   0.00000   0.00000 : -0.1564930150E-04
 Source function, ref.:   0.00000   0.00000   0.00000 :  0.1788313249E+00
 Wavefunction value for orbital         1 :  0.3459041588E-04
 Average local ionization energy (ALIE):  0.5055304570E+00
 Delta_g (under promolecular approximation):  0.1132045174E+00
 Delta_g (under Hirshfeld partition):  0.2080221532E+00
 User-defined real space function:  0.1000000000E+01
 ESP from nuclear charges:  0.7011747640E+02
 
 Note: Below information are for electron density
 
 Components of gradient in x/y/z are:
 -0.1585537257E-14 -0.2629840790E-14 -0.5271390963E-15
 Norm of gradient is:  0.3115744951E-14
 
 Components of Laplacian in x/y/z are:
 -0.6005083714E+01 -0.6357817998E+01 -0.6110933944E+01
 Total: -0.1847383566E+02
 
 Hessian matrix:
 -0.6005083714E+01  0.3113657180E-01 -0.2988151627E+00
  0.3113657180E-01 -0.6357817998E+01 -0.3010922760E-01
 -0.2988151627E+00 -0.3010922760E-01 -0.6110933944E+01
 Eigenvalues of Hessian: -0.5751464350E+01 -0.6358112430E+01 -0.6364258876E+01
 Eigenvectors(columns) of Hessian:
  0.7641228397E+00 -0.4728762154E+00  0.4387532002E+00
  0.7107484801E-01  0.7377397254E+00  0.6713333475E+00
 -0.6411432381E+00 -0.4817968269E+00  0.5973333791E+00
 Determinant of Hessian: -0.2327311269E+03
 Ellipticity of electron density:    0.000967
 eta index:   -1.106546
 
 ----------------   CP    16,     Type (3,-3)   ----------------
 Position (Bohr):   -2.84420454641862   -2.07748136685273    8.00069903422469
 Density of all electrons:  0.1181783817E+03
 Density of Alpha electrons:  0.5908919086E+02
 Density of Beta electrons:  0.5908919086E+02
 Spin density of electrons:  0.0000000000E+00
 Lagrangian kinetic energy G(r):  0.5102777292E+01
 G(r) in X,Y,Z:  0.1551525532E+01  0.1718358463E+01  0.1832893298E+01
 Hamiltonian kinetic energy K(r):  0.1092448195E+06
 Potential energy density V(r): -0.1092499223E+06
 Energy density E(r) or H(r): -0.1092448195E+06
 Laplacian of electron density: -0.4369588670E+06
 Electron localization function (ELF):  0.9999996100E+00
 Localized orbital locator (LOL):  0.9993759249E+00
 Local information entropy:  0.3602281980E+00
 Reduced density gradient (RDG):  0.1000000000E+03
 Reduced density gradient with promolecular approximation:  0.1000000000E+03
 Sign(lambda2)*rho: -0.1181783817E+03
 Sign(lambda2)*rho with promolecular approximation: -0.1213967748E+03
 Corr. hole for alpha, ref.:   0.00000   0.00000   0.00000 : -0.4690874976E-05
 Source function, ref.:   0.00000   0.00000   0.00000 :  0.3977743725E+04
 Wavefunction value for orbital         1 :  0.5496084772E-04
 Average local ionization energy (ALIE):  0.9922745383E+01
 Delta_g (under promolecular approximation):  0.4348425083E-01
 Delta_g (under Hirshfeld partition):  0.5302244062E-01
 User-defined real space function:  0.1000000000E+01
 ESP from nuclear charges:  0.6904059488E+07
 
 Note: Below information are for electron density
 
 Components of gradient in x/y/z are:
 -0.1737627056E-10 -0.9235723297E-11 -0.2040656533E-10
 Norm of gradient is:  0.2834892012E-10
 
 Components of Laplacian in x/y/z are:
 -0.1456533555E+06 -0.1456529069E+06 -0.1456526045E+06
 Total: -0.4369588670E+06
 
 Hessian matrix:
 -0.1456533555E+06 -0.5168959590E+00  0.1177477704E+00
 -0.5168959590E+00 -0.1456529069E+06  0.1069358498E+00
  0.1177477704E+00  0.1069358498E+00 -0.1456526045E+06
 Eigenvalues of Hessian: -0.1456537169E+06 -0.1456525494E+06 -0.1456526007E+06
 Eigenvectors(columns) of Hessian:
  0.8261914576E+00 -0.3717937954E+00  0.4232931007E+00
  0.5457372538E+00  0.7147408518E+00 -0.4373972619E+00
 -0.1399232833E+00  0.5923806956E+00  0.7934145110E+00
 Determinant of Hessian: -0.3089995919E+16
 Ellipticity of electron density:    0.000008
 eta index:   -1.000008
 
 ----------------   CP    17,     Type (3,-3)   ----------------
 Position (Bohr):   -7.01254381002669   -3.73069638501268   -0.04729027920219
 Density of all electrons:  0.1181944019E+03
 Density of Alpha electrons:  0.5909720097E+02
 Density of Beta electrons:  0.5909720097E+02
 Spin density of electrons:  0.0000000000E+00
 Lagrangian kinetic energy G(r):  0.5083610103E+01
 G(r) in X,Y,Z:  0.1683931086E+01  0.1623397693E+01  0.1776281323E+01
 Hamiltonian kinetic energy K(r):  0.1092773276E+06
 Potential energy density V(r): -0.1092824112E+06
 Energy density E(r) or H(r): -0.1092773276E+06
 Laplacian of electron density: -0.4370889758E+06
 Electron localization function (ELF):  0.9999996131E+00
 Localized orbital locator (LOL):  0.9993784080E+00
 Local information entropy:  0.3602369772E+00
 Reduced density gradient (RDG):  0.1000000000E+03
 Reduced density gradient with promolecular approximation:  0.1000000000E+03
 Sign(lambda2)*rho: -0.1181944019E+03
 Sign(lambda2)*rho with promolecular approximation: -0.1213938551E+03
 Corr. hole for alpha, ref.:   0.00000   0.00000   0.00000 : -0.2792102899E-05
 Source function, ref.:   0.00000   0.00000   0.00000 :  0.4378836424E+04
 Wavefunction value for orbital         1 : -0.1337170913E-03
 Average local ionization energy (ALIE):  0.9933984026E+01
